site_no
10257550
10257600
10259100
10260470
10260480
10260500
10260865
10260950
10261500
10263500
10293000
10293500
10297500
10300000
10301500
10301600
10308200
10308783
10308789
10309000
10310407
10311000
10311400
10312000
10312150
10312275
10316500
10318500
10319900
10320000
10321000
10323425
10333000
10335000
10344400
10344500
10346000
10347460
10348000
10348200
10349300
10349980
10350340
10351650
11014000
11015000
11016200
11022200
11022480
11023000
11023340
11025500
11027000
11028500
11042400
11044000
11046000
11046090
11046100
11046300
11046360
11046530
11047300
11048200
11051500
11055500
11055800
11057500
11058000
11058500
11058600
11059300
11060400
11062000
11062001
11063510
11063680
11065000
11066460
11069500
11070210
11070365
11070500
11072100
11073300
11073360
11073495
11074000
11075720
11075800
11077500
11078000
11085000
11087020
11088500
11089500
11092450
11097000
11098000
11101250
11102300
11105510
11106550
11108134
11109395
11109525
11109600
11109800
11113500
11119745
11119750
11119940
11120500
11123000
11123500
11143000
11143200
11143250
11148900
11149900
11150500
11152000
11152050
11153650
11159000
11159200
11160000
11160500
11161000
11162500
11162570
11162620
11162630
11162753
11164500
11167800
11169025
11169500
11174000
11176900
11179000
11180500
11180700
11180825
11181000
11181040
11189500
11192500
11192950
11202710
11204100
11242000
11246700
11251000
11261500
11264500
11266500
11269700
11270900
11274000
11274550
11276600
11290000
11295300
11295340
11298650
11298700
11303000
11316605
11316670
11316700
11316800
11317000
11318500
11319500
11323500
11325500
11335000
11389740
11390000
11390500
11406999
11407000
11417500
11418000
11418500
11421000
11421790
11422500
11424000
11427000
11433300
11444500
11446500
11447293
11449500
11451000
11451100
11451300
11451715
11452500
11453500
11454000
11456000
11458000
11460000
11460400
11460600
11461000
11462500
11463000
11463170
11465000
11465200
11467000
11467200
11468000
11469000
11470500
11471500
11475000
11476500
11477000
11481000
11481200
11525854
11526250
11526400
11527000
11532500
